<?xml version="1.0"?>
<opencv_storage>
<distortion type_id="opencv-matrix">
  <rows>1</rows>
  <cols>5</cols>
  <dt>d</dt>
  <data>
    3.8435554464250865e-01 -2.9125646232618760e+00
    -5.1213306865295601e-03 7.9447503622955065e-03
    9.8135201276409099e+00</data></distortion>
</opencv_storage>
