<?xml version="1.0"?>
<opencv_storage>
<intrinsics type_id="opencv-matrix">
  <rows>3</rows>
  <cols>3</cols>
  <dt>d</dt>
  <data>
    3.7628918492455673e+03 0. 2.0666614477798457e+03 0.
    3.7664601875323697e+03 1.4876660477093778e+03 0. 0. 1.</data></intrinsics>
</opencv_storage>
